14167840163
14167840163
64207068371
76452803419
77886811593
6063765862
88550919157
36762929836
94403581101
50854686211
14571726371
12529561460
64722641397
89121099920
36731886013
581175622100
59710329309
22319699074
82194744924
41335052127
84036484907
90109968607
27619793834
23635662577
46924103189
72513082668
62852690217
72856020807
55009648889
4646594890
26083918083
98331109009
67685526162
90366989246
88690398287
60344761268
69145625727
73125956699
64644872229
66789240567
89686014174
66569761165
12178810957
55869502549
24323311014
56655066725
8659468130
20633941244
34105665446
94176205311
71383684110
98312462422
72624152782
48322917701
62574846223
26023525634
93348473738
89693865719
84644279843
41204449831
83369370938
79396323971
90232575275
16382944596
27961377124
61733133264
98198215772
26400632939
49750089128
60171790062
6413126624
72987723366
33504509750
88447181859
72993221025
43620104833
88676616390
19104336242
1309476022
78636597480
418355951100
30707712550
32374655478
19523495499
77276494963
60626370676
60425570665
26477463817
8761141100
48178376739
8383547699
95594287579
43657241189
61051629145
34417098575
83486805749
38251726388
26592030073
27812207269
81829938153
23616384972
12851720655
69622301002
45186681716
23458923693
69451139422
95102095983
20671122727
64728547536
64312936180
86703636936
80107327146
30813085542
40373979593
55902857522
687968245100
37822309191
15236107230
983052953
95890106651
91782846555
50738852102
18474449411
49336580322
77052216182
16013126908
70258843096
96577246071
44114213320
89211533911
18534512779
84025259889
99168401759
93840209211
76369859783
3746790384
33643479490
22350119514
81110136522
49329853239
44693064508
17379454616
65466756849
71175178893
33209787378
4359612290
57015678092
24500293732
46038958310
3423035805
78237485648
13300237590
92979749305
85025214875
79090876860
59088174238
29040210731
88210174694
33332181433
64903515601
8504613253
67698307676
94365422221
71529342696
39521020561
46505482592
305658983100
47211161444
32566372686
14717675792
36659939861
80196524197
38820581912
57111284361
34996000206
61788052925
34186891205
15333236334
35332420340
14130348106
355309510
99745728907
444845732
67827539058
19384151999
36050744961
68663860160
54765194630
73080811980
28476555126
26480153066
24560427359
23272182746
1914409434
33623749481
7940904086
14499225899
28111976270
44098120778
41167155252
27709163903
23758963221
49550264207
47376945445
38020575861
91763870949
51404777972
28304652873
34433628974
74186095722
13718386378
625623519
36725709106
41791467806
31421180108
9472302168
98066914662
72168554407
98578286104
1670807744
28563366311
93329609124
39864276151
83279697868
98624406853
57293367632
92003396365
61454391585
92008798713
57338125503
38760879752
55886936377
41532003517
21588988427
55998334271
37830396915
39070235976
434971084100
99308098863
59450526415
44761571302
2045575924
38112145241
70665926220
316159599
63572443502
67618467100
51287959623
67165816326
84827163134
32137563248
73776411936
94534904937
20341996345
49783614255
45021214112
56077151292
92118284594
22850030937
5075593400
78747220956
73906593132
97351764752
7360320535
58331771810
88586071878
18001629025
73008593483
10884047058
54930269404
71907952527
60963017084
40357252755
29289285845
73279557540
69798480410
96379364881
41894220390
13568098086
8226208245
61025309129
96707167148
33677750213
34028658267
70382365990
60569777839
56806717527
1538834680
57570055203
17074518671
44499861853
79736379586
75279667260
80520643161
69301717904
509183916100
55060786993
28994770571
87243165718
98896294328
45042957175
32164757769
13214063905
12800357829
5308363137
13301279712
5659399416
42881409498
26804325170
115606070
13995313701
32170404217
4387813783
18271163162
42262745465
79391896286
52341658368
71455335185
97133385526
9975591310
24394124062
33881300172
16611800142
20891227868
36115836772
3102306671
49058984549
69121418488
52529481902
56847723046
43105032711
79829653596
27341448471
89995517929
65124964801
53960229402
15255020023
55904386317
8699230727
49519375843
99258425572
4927696306
46219852907
80104487557
25761698013
92698108657
4634492510
40372731249
68985883215
2512705004
6797936344
4544935100
25269891012
49824917047
9929804434
50974243701
87028228917
3035458821
74580038910
93047756320
42182097663
16685874940
56578429957
40439913879
46939375253
50943191180
44124721042
38344888834
93724549337
542285579100
29736484740
96979916330
81462277803
54887301634
165534509
75817402119
56648870353
77660532129
6704073952
69282804541
3013505250
8062246142
74738960054
87573933473
3971076975
84446827238
57696266164
59527391240
90109590786
10222493801
96752915166
4305560217
47545053298
26615885609
18918156314
56587142736
559030668100
20856819187
83955049951
51209411133
42820332549
57628087334
95154304501
41391260857
51286286795
75819576465
42914418176
92527595943
87766797514
55620502870
95247477952
92583142720
46655088524
24122528323
1391459036
37869673170
44570796111
70002741115
11135874835
30379831178
88270422218
46979522062
24896051611
60038564461
33252965169
20369249461
5384511770
84076674128
45568833537
59879810497
64562385415
69148713032
38711176794
87350294121
42426366770
76439004109
35560402461
67226725412
15796919037
45867059842
682123823
34329910277
79404291725
87793824595
75682894270
73871710625
62757105097
9353804582
8210434117
78024637307
44206405643
55405501867
54494852331
68018042281
61203247933
19203137743
62324145351
29895936585
20384083137
78739690896
82416255791
97307093832
78882169079
52190377371
9707111973
33059794997
78723780356
98795560412
67518323013
79529464269
97657559297
16637114975
22149301326
66162346292
35588929856
160316979
349498560
52048047353
77390327731
46819514828
34771991725
20316029503
68945987910
25210551115
61841989326
2764045143
55950084917
59574760462
5741123235
46885204431
7831039768
64050277159
47970129831
99795030088
60711832260
43039225450
60499597646
29503058979
33776098114
28368163005
36308100948
64221252548
29179134104
29157885733
2526772045
88411339820
78383397870
80541903481
84126106068
49543975855
77423271508
49190144193
30010959708
49389812665
46279372828
99595679734
5099812885
63825812109
42934750095
71006811441
45125253957
48249169728
40592571683
21519236646
4472490650
91221388071
52046313439
41476093278
73470193396
66749842874
42618561483
24062803538
34546506685
41892467111
44768933951
54395906629
42090386760
98145686564
46985733263
19459382527
75867772586
33119136639
98133110394
34171093449
66414745913
76658365970
45390293596
2483598170
90418738713
79086971575
85111436571
46495891353
76256194729
41451185145
21003439589
1841264329
66126172079
79319125126
584924052
74220396475
89518086362
36413928889
93053514282
66873959385
99251381341
62832091385
2949221972
31994522303
52537164482
64723210476
46579068543
5743192567
5006157305
19083652490
15902117143
64284464412
71457766828
56694955775
97904066553
17003744330
89828512683
20908346965
35159463290
82791666250
66036815296
24510112102
13931868589
90678460441
90532647598
38763450020
32520643233
88316233923
84807701528
77045652211
45230033224
38919434036
82585233926
13791291784
912742375100
65836417
34658431905
61455386395
18764908735
7156912671
60150325119
92835542434
31796968642
81554062793
31774822491
39111931265
89168102740
5709773391
28338744108
17062443044
73426442391
29022200221
64644811108
18008235443
56943535436
19767517238
40187130543
1974525674
57460234291
78940730251
65026198789
55582996859
40825041042
48873316341
32533188357
93719732953
99801898491
31789036198
97281340329
14918097999
2625765858
59173523415
82243463282
11835973583
31089150147
51774799944
42207289050
13393050239
5260229425
84912217107
25286782610
87186776173
99098816496
65516993335
58770792158
14026484232
33715259475
90080241555
43934626405
4462823958
653654538
9361715478
37513295689
63967681060
67262072397
77967226683
72799390872
22990812291
43874800614
69310863411
46225072059
77414861831
76858260667
26816626503
64371727404
1780358552
86526107013
76339030406
97983235694
78684567794
12942248966
97356506452
52580470888
44610390559
510935803
97446616056
27474878940
78772358473
37508282194
40951596294
72615810894
88793512180
3704498710
81641341177
52785200090
93876150858
29480146497
62494258716
24134490340
32828476604
933263336100
39715291115
43755168606
89404146624
3299747696
56868380766
13451237834
37914903416
59693469078
88583034453
12613300807
50916966917
63993124834
92522043374
34300933939
82865839668
70970068101
81722669211
6647968623
83218231983
44030033404
41319033838
50545603058
89421158123
90081344772
77849466492
78635442951
8766805019
56181235382
12632289751
95120831284
36981909245
85799193196
7898159530
73379661340
40494251971
56575559046
6371095961
35526357791
66573028620
53647394419
86833037030
19857702234
59583111527
37530606879
3909872997
28163556086
69705238839
15314384443
69444402218
60196487805
90698725766
65963620036
96136188026
51478107585
13927576196
55380384905
68936983598
70503292455
5463360452
77214942211
60452360960
11783174869
68952804059
97853140355
84824864957
8513916373
53966233827
14412819643
20730720422
15857238203
70618317584
3100197177
79489247189
64118581589
33845453395
83020053230
17098552602
3386330548
83800415282
18458759535
41558352079
59078234123
10424238809
72005754054
77642773452
6648049992
51559214788
84863878684
68480343628
77395535056
50197345983
32811401431
89305337831
32358814783
3689011180
55845985058
73350431973
60000099402
15461976894
647522066100
87467990593
85017648104
72997626172
36634675614
19926330813
67703142295
66339109915
15740657882
50494107670
57202268066
6401892447
20813633639
3751917060
20452045613
18702025855
80576420403
93214498608
35914677922
33653392484
77188284860
20818277264
2837423680
4063149218
99538546189
2537810543
23339523158
293731021
50549352584
43577297524
5434179250
82308480290
84718171024
49031436572
58932059334
99226251032
86852721252
6466437585
73943946350
40145970654
35410751853
92865733863
92271278910
40055934144
81113504439
7039688486
62650932393
50281042633
50029063530
34726811490
12986587224
64243444175
16702519359
27547452506
42651260761
54751178909
1926264854
64365649323
72991904750
83124430059
74069695944
41142819138
62140136732
23409745670
53161927173
39897574394
74832535218
5623732857
24146238649
30836092061
68391901236
1678517674
70641196379
22944271475
72218689003
35201501714
47440690498
7371002330
79222069106
13251704219
13572832266
24636148879
96612835339
27260570266
69596154171
94440091093
40567459999
56821402893
72050180844
26687992157
48097708334
35715528997
26880699946
75405930605
35451783592
76485886785
38556276227
55445602897
73768680967
25667329712
7063709570
54689128541
31239152135
42864591920
75392538839
47148495317
32389543296
35401736048
35502332238
92033384982
27634008372
22197014949
14405399353
43645209783
36439041382
53479740022
95530731112
97007067507
37796352550
50399193404
79197535775
55802219584
92146100566
37509263094
872645560
17687582642
74462966235
76890869491
40643782476
6207795869
2554374041
84304018366
28885722047
19561818006
31898280520
61058137462
59183705023
25227568072
37681227408
66387729965
46007920969
56578985886
11396471868
38030405135
81388930436
656041687100
34866738537
42164211128
13229097953
22956730497
22632878476
70083726778
70416901973
3235503107
94051541485
2833970566
24838168707
99955513401
53055751169
52143685771
1608349435
99479210582
38236774008
60591398506
69135551011
1679064466
911860447100
6968458335
94221652086
71311146030
1398849084
37877177659
77160494516
36003200704
99001116884
22305482528
33802290960
16930456383
55413561477
44240951866
17137573778
44424395379
42068246968
64411920975
54912821802
61389136302
14425611640
13942881693
1814338935
68296479069
22081032605
7988370442
33590915088
5745272878
45701276575
3774110344
5538246569
94671810439
44720102945
20943946180
61265624175
76853409549
18001646530
14940175466
16601731850
28594550832
21358775479
6821417255
84244139395
14457273674
14730875171
67247111495
32966562113
59759902180
93029978942
67139882745
75710225283
27465342696
65521925097
38347319204
61237674889
11420641297
13767883619
72680014180
47180983011
82289844348
79950283266
43338223765
91544632104
67749350962
98517928178
5556055059
50966763226
60184038053
54496467136
79016808623
11486923878
65787825173
12927457079
34557046991
63337610381
3375283770
5470948982
34890079006
63398393238
8255832380
3766662993
38939266457
51548141170
85262394522
14252136524
72560156080
13465512755
8763731809
516870621100
4855455891
59698739207
65666644549
4287306153
41705147855
66061452885
20229374837
77715353838
3825981886
98859445920
63703097385
1986202666
52945701910
69151197819
54819520210
61755687632
5480870977
67097835048
81964239133
2530288824
4206233503
17642051360
57084706108
90091585396
46140580866
45988096064
47324670291
31434779269
78473204733
1815747351
28153712270
67606050904
72199007401
45205681468
41832108249
86448942668
68746904467
67690822349
55809733128
7567013070
72123935269
53258218180
13235153822
63497016917
8401295849
39429964549
20431497328
10844198459
55767458555
48045408686
82725318912
96497043668
89846764813
76385977276
21145175319
9487118509
5895227304
91996659293
40358276067
43341282954
70783884946
53167941803
32852589807
62036547871
85742737145
1947093769
38451789224
26164062858
73284095307
11400861299
21946261878
67320966411
67884662179
941626035100
87470474849
61746384916
13681635676
25523178767
81193798732
19283943919
3597160877
89815848190
53489667650
49796832286
66501281580
40524146232
66050619480
32344870363
7080499367
74043832381
54700256060
62009959689
54243079674
74517728019
15012803103
23973709410
14967164811
52120627124
775408956
38677847975
34216003418
3121232490
82313377682
90051911258
95621919439
26803623274
63046909489
52204581444
67128269819
4743116846
37634377614
42060816034
75933906550
36193578713
20586354368
20628605651
97738777408
95538432849
72928991360
85134328797
24162802745
58030087872
88593444276
19759252636
2583163849
27761230282
98211175205
31234150510
90538169517
27621521868
91783035220
34384136577
98485142569
87298753386
64628178019
16588080103
40218122817
55120775668
6859675234
35609988230
45337341580
82928336741
4749655401
65445608009
37641641798
26790002072
61897925966
63892490342
77449576471
558050819100
6381525460
72713504783
15085255660
5171616133
58028819315
86558536367
10416863634
82182142476
61540459978
23047235734
4846814993
8937460416
55462563910
1953974787
40335277850
81358737222
12596753294
79280723540
89922920978
67240673199
12389271978
16999913466
67772793272
15025199034
8171414953
89883120576
54099690025
90686314426
72959018842
25437287993
43440552555
85448202620
90306553375
8812932387
23877695640
59115239493
8841119376
89145961559
46714558311
55643030478
32244396657
65815824732
81130182036
4695607999
14622903450
43905714692
86723871453
41366873796
19079470104
97632601940
43140000192
45852438112
40683242569
94163644417
62393761006
84622113585
93539438345
38733141393
72210372843
94535828043
38023155046
62125030426
22068690060
43692030276
33832650376
50775229193
41233054013
23991985436
69194371040
22951062154
41284652977
12783939604
5489582916
99612678676
61472236272
28987639986
59633686252
75854182645
47581137106
54996023135
4708679184
10508197533
42566595715
26707055882
42898910241
89162707441
44582119792
20749768198
84071872915
1349738720
1767700156
69584765184
23596196103
79227638144
81099398335
19505843797
34853329398
98957121790
80054740465
15327766377
91656259939
87420754926
52272066359
24638622083
90497255837
2030244870
63576093824
43290571272
77631264925
39133435376
61117224738
89987358232
2099307444
78094042621
84277333929
46755606729
87655822267
16155367365
50223234717
90446742813
2932526953
3395332890
78190953144
16134057434
36464301678
98808475187
39409066909
29683097438
75267845747
72135719077
89344985885
64112609252
88387323466
60846644713
10678586391
96815489577
89146664154
865804359
82097822017
71033662352
63002730428
84066709216
92510688707
23199420271
79917019260
4956760302
35446289199
77862779086
90141847175
90787872573
38010937459
81188762326
72048102656
88095608659
98833494386
1534736534
67147234302
65389628658
92250857909
56281087198
61249038675
48659503647
49471664233
5393524972
53546769323
57186493538
32046310920
58232730592
71734162992
31647989719
17733083884
71398463428
26898431950
92711504488
67545890253
65400179064
50742721063
15024943135
44154606666
44426258480
34175899412
11779428191
34318160552
63141199668
28152814172
62231613746
75603653407
24236270545
39803620806
54116160445
76377289966
17775516923
14081670442
79778102678
436293622
70034259243
45404119553
4491058690
84682695770
84810746723
81872386741
31115929436
56370409392
3364739257
88501938035
56708888153
92474543730
71155194677
95016968126
225719201
58688959611
9969935271
29600783594
99421307123
77752466052
55819062214
38521545387
55111419140
44905821398
59355935955
41568593410
56225217573
18632158178
66590965154
94493309240
92136202871
84017641385
28085210772
28906194315
29390384310
19616919519
22512819845
19349948841
8067444373
10313205978
57625527422
31489936920
28122794174
36389730630
52823361580
22034040387
68273854345
544798857
69065955349
26404902053
99935677823
5102385406
73529907027
4932690679
58144021976
79312188418
55561129795
88551419950
71638158610
85809920457
38586285145
31158691367
78960428567
77535908754
74016722472
97117301401
62543003251
67790679276
26115813549
53903575905
34130885352
55421931480
2158624131
96281323826
6618218163
39702981927
27411961371
15096986811
31179540161
14457350161
92705037194
71312428348
99913235466
6561688087
23358346068
83441976929
77036762823
55514913999
55091744899
93726955358
77980179475
76448137533
10124113667
12255266940
16363043955
56505174792
59407435619
81833432097
91502300550
3661651754
33451659777
84413644601
23984829330
81197899960
38384098425
59479965801
22254552238
44443840785
53189909021
7765998150
16856199424
33350818658
53139360169
43893640221
74638623635
67577129250
97637691891
39485552037
49488101331
97152042402
36842188916
40968759034
13705596065
86140725801
27641434582
3099090453
65650429610
98622726962
93416458014
74759735165
77349091036
98605230431
47161739801
32808345375
13907389791
7290179268
38273726612
69253970747
54353366286
98371092042
1503982526
46087101274
73924101188
9701839690
33116898371
21134834120
9465797129
92568271643
45275387611
10597426571
19736208606
27725703396
49069069225
56277039817
65405745702
39005300742
95924238047
19728881038
12189876998
57141973907
6461479980
11692978802
64643715309
41648961408
96284134333
10959505884
98575913292
35159740189
52037447560
93134710585
50468353889
1424353808
27709031583
37316280980
60566951208
3167000910
5121139903
55450198291
56716530510
44535420572
3226783037
78281242824
99822292270
83817506225
86401219586
44710716469
86481017016
60987450635
3179980885
56287060713
84120418360
53654055085
95517754652
32996347733
94408943942
22891097392
86738686186
34558749121
38255540394
25967977465
83205221151
23140258617
73321201337
32854115166
59576312041
12343219114
67851211416
1124604584
44440552664
74950957556
64586269041
36651544293
81846073823
19417789321
66450104475
17041182732
59844267156
49441183805
4891057277
47410888905
16670158277
76900594027
124753391
88024566622
59178221525
53354028263
27727926426
27717299318
31782059781
27515627891
6123407920
14593075479
29273739822
91845334627
5933355375
33550966687
31193221935
1858520370
55506642796
62849651337
560154401
75026124062
33599915537
1562773447
72760010773
22454205231
931067904100
80565262804
9438679019
94499173776
62585322402
46391615403
28346407490
91125008149
54488631935
50067206540
54824874529
12303054286
49652456031
62982321514
22414667447
13193586569
70601696173
68533961848
46798632567
23605033427
83146670606
2592859988
53459714716
98753241160
24445257366
78874783202
71814526494
60528224062
32057752862
20272759852
93152958623
3978431903
41591430062
10809832458
13998411110
2520991532
26422993892
773145411100
79628241655
63588393953
17181390770
53738185113
815083494100
48650779037
36948032619
54726197718
889277359100
23393374072
6293462876
2300000946
56001959369
56627421509
48331265584
44214434848
58961457460
31957960924
62008150937
80364307175
75158156413
66779581183
58818936369
73806252604
10723451724
43000245797
49845417145
57472362821
490225308
23171633337
55258754624
98736205765
60344308955
25412776769
55556122699
26073413653
89758087301
46909945351
302010943
11763109341
23124686949
16278773309
13292951871
5972842001
98117489150
58577817068
17008383349
23321357020
82651502088
34782985034
88735310950
17347846201
45019296275
32821454963
57280903407
11188636056
20230058182
32878312705
72806325092
98523965574
45886947070
30129545133
28047602674
69208242103
51552719581
79161339121
96573813565
4433346028
90080840072
9909979558
57884523762
26136486072
650761297100
63696827559
80320639358
21621525222
45554964728
83814426515
98907704279
64548712119
28872469040
67203688607
40970530271
20255085121
96531491333
512658687100
7440388400
58294577454
30560079137
35246567591
58471669850
99051444224
55614825201
58504313791
509229738100
82261857608
42809245688
83961095944
13069093652
60146322238
54198090811
36287164404
36313980581
2512016486
85592906259
29152630877
4421326410
69904493258
27401572960
72135329367
71123372748
6661937291
45323320243
76702404699
61608657197
74036039877
3987983539
84528981657
42700239843
23135630327
43465333782
47512455992
29720998836
60901904974
97360096334
19708761218
34092638778
7968901536
30220528297
14153399453
34502851759
1600998533
41848253597
95975344384
42552983395
81585176730
39271263192
12060334797
1188213625
44505588895
73831856326
43785633120
36153184466
19656850432
43134418039
55163124262
64617964231
55460299707
34510008722
72743498630
46984532551
6608655280
1255042093
2879226589
8306423749
50777713511
93716105305
57070915697
8783170504
43495158909
6771633284
66056993534
41243339843
30802532126
97148030419
72304689893
67146212792
80988758080
77782576481
49817863261
50831167160
78702707329
979140140
39413932096
87609486368
31101404778
11247102906
9084328477
77630791539
8342314243
344913211
90077856015
19637666331
88437421443
54581548314
77812798060
631456916
27163040548
54470472289
93931526936
7705585083
1539048942
85479120944
28033343549
73146424077
72587508637
90163728593
73090213360
42189843707
63877120524
74803622907
34583364498
57766829272
5650725560
99754773913
60599446935
97897204803
42729703495
97515889580
59248825243
92468962562
42401778958
62383398714
30053374214
44979490160
33976494540
53677235518
14416018629
7341811951
26158556190
31219635850
5670233652
35715609088
52936642616
87663815872
98137749364
89871117470
71594643222
41449430469
88769050786
57292987556
61822527584
74950244317
3461236728
51665332989
51265493581
34820212849
56213320651
46482096916
25738146597
54822886021
1033658096
9186220110
72635682519
34739493927
2078684154
8696036009
77688507586
4255130114
64811050976
33979215525
81220142934
50211316905
38064291891
8399950942
77950789484
30731138330
66447732836
7733948707
96798323801
10074887545
18752236191
33105512918
67401829401
64940961936
78849869017
9696559352
30840414538
86438583458
44489960950
69117520099
99788819646
91411503356
24448095280
634681330100
88941764686
68242298520
11237616022
75171360288
638853759
90935677650
6340214415
32397761504
91098478337
4841685882
56983013127
89059881782
3096142128
15388106174
66390934533
84518394838
77722160616
34928646222
70972853130
50035049825
68488584589
37828003601
2615888363
49284262927
48233363688
44340359663
65098719338
85612723614
3416777560
97919618395
56250121654
24196941292
49198888483
19976951067
54587039222
48625154408
59520529814
57245314692
21999423317
90853495336
26800691478
50895437017
74613485107
38801412680
14356059559
24490060352
7246597892
80136249670
38696139652
1950407636
74995339579
41564472176
52256903379
70961596125
53580183994
68172797145
35173300951
58109618507
40864873106
50857781523
69796138490
43858139722
13593157473
58131394388
41052821427
68181599546
2474721142
46384921318
37035786190
83766326443
33786863537
49781467864
5054266027
56588333445
23131151295
69004021861
29195531005
85667101938
26907844418
85710583722
83906650329
99632074757
39570071603
40073428737
35891994960
53680241080
33686531505
80763509311
33909976834
2382016211
29777640353
66484006513
34447484497
50378980208
61422463556
72874738452
83273362807
62058632480
3034649217
36765380322
47682608636
78458238258
47583638643
88865198805
69366962372
90137989118
74565259636
88109966759
12639721671
49202142051
62893074830
33821884895
35011908433
26232548863
64610524976
43534501155
18938537136
12507253023
66543682834
92894155256
35490711081
30882529993
51704938587
30551087842
74935771656
30654961276
43933676011
96669091079
11684074964
67972295371
75881967482
41932817891
35848081112
3981861697
89822430550
95915778987
367333751100
3434553737
54389391939
5163545847
52727438602
10795110043
74634228306
59688049479
51369506086
36702664083
84207738711
27754778541
15125015308
931903524100
98389772514
42606182661
99532966686
74814515715
84399173760
49535299441
90269833627
66499267976
92259091417
97611443527
46235820179
80177203170
38753774646
12830194946
65367380929
63218794706
59413065497
25402098644
65495987174
30337744856
50577221577
98473007850
31145002701
93671036922
20639465773
